cache_key,label_name,confidence,prob_negative,prob_neutral,prob_positive
541ddb897cb5e03e,negative,0.9923,0.9923,0.0056,0.0021
266445001edd540f,positive,0.9911,0.0041,0.0048,0.9911
437d2d935dcfce85,positive,0.9828,0.0029,0.0143,0.9828
aeff0ee91b4714a9,positive,0.9772,0.0035,0.0193,0.9772
d8280c241b0e0c0d,positive,0.9926,0.0037,0.0037,0.9926
46bc805407e1a4a2,negative,0.9936,0.9936,0.0038,0.0026
ecd096765ac35c77,negative,0.9915,0.9915,0.006,0.0026
c62ae7778919beba,positive,0.9906,0.0044,0.0049,0.9906
fd268653056b2faa,negative,0.9934,0.9934,0.0034,0.0032
fbc1d893de172732,negative,0.9914,0.9914,0.006,0.0026
15b805e852c73f20,negative,0.9933,0.9933,0.0041,0.0026
be6890db0e348659,positive,0.9723,0.0021,0.0255,0.9723
0db758fbba9cacf7,negative,0.9938,0.9938,0.0043,0.0018
350242460c7efa07,negative,0.9937,0.9937,0.0037,0.0026
721a3629ce9e7bea,negative,0.9914,0.9914,0.0061,0.0025
6be83abdb4e954ea,positive,0.9905,0.0042,0.0053,0.9905
741e176bad75a7a3,negative,0.994,0.994,0.0039,0.0021
c853266f96b70e3d,negative,0.9937,0.9937,0.0041,0.0021
4728f04c1c5510d6,negative,0.9883,0.9883,0.0073,0.0044
66c8896a16b8069b,positive,0.9903,0.0033,0.0064,0.9903
94a91ec4e3a4493e,positive,0.9857,0.0032,0.0112,0.9857
c60bbdaca6be6084,negative,0.9911,0.9911,0.0063,0.0026
69a9fd8184bf18e7,positive,0.9915,0.004,0.0045,0.9915
0965ba85340fe299,negative,0.9936,0.9936,0.0039,0.0025
6ec675804d1e5240,positive,0.9928,0.0039,0.0033,0.9928
ca4c455a2a665212,negative,0.9944,0.9944,0.0038,0.0018
121f5bca316e2494,negative,0.9943,0.9943,0.0038,0.0019
f64ecd51dc7ac09f,positive,0.9915,0.0033,0.0052,0.9915
d1419075733a1ca0,negative,0.9898,0.9898,0.0075,0.0027
5810627e963c15b0,positive,0.9905,0.0047,0.0048,0.9905
5744bb24238e3a50,positive,0.9927,0.0032,0.0042,0.9927
1dcfeaaf194e8f6d,positive,0.9902,0.0034,0.0064,0.9902
36b20f876b468e8c,positive,0.9917,0.0035,0.0048,0.9917
cc069f5e9b8d952e,negative,0.9936,0.9936,0.0038,0.0026
47415191218b2e2d,positive,0.99,0.0038,0.0063,0.99
0625cb2a534ceaf9,positive,0.9794,0.0032,0.0173,0.9794
fefa0bcdf18b3dc3,positive,0.981,0.0035,0.0155,0.981
bdfad7de6f6535ac,negative,0.9932,0.9932,0.0046,0.0022
bfc311953ae01df8,negative,0.9936,0.9936,0.0042,0.0022
35f9638ebc01cf4c,negative,0.9943,0.9943,0.0039,0.0018
92e39e4e66606b07,positive,0.976,0.0024,0.0216,0.976
b88491a1dc004c25,negative,0.9856,0.9856,0.0103,0.0041
faf2b7582ec7e2c7,positive,0.9666,0.0023,0.0311,0.9666
64c3b1a96b060832,negative,0.9945,0.9945,0.0037,0.0018
f7df1ab886fefee9,positive,0.9685,0.0027,0.0289,0.9685
755b5d91e2e0a022,negative,0.9939,0.9939,0.0037,0.0025
aaf4851d2aeacf41,negative,0.9932,0.9932,0.0039,0.0028
3ba6f2f6596b9a6c,negative,0.9921,0.9921,0.0051,0.0027
12a1f97335ca1a2b,negative,0.9935,0.9935,0.0038,0.0027
9bbbb032deb9f55f,negative,0.993,0.993,0.0037,0.0034
8ae0583c70034744,positive,0.969,0.0021,0.0289,0.969
3098994f69f1f3fc,negative,0.9937,0.9937,0.0037,0.0025
f495032cc74e7040,positive,0.9794,0.0027,0.0179,0.9794
164a6d9907f3610f,positive,0.9928,0.0034,0.0038,0.9928
87668e7eb15c0791,negative,0.9936,0.9936,0.0041,0.0023
c2ee480355f3606b,positive,0.9785,0.0024,0.0191,0.9785
0f51641e48cc0cb9,negative,0.9906,0.9906,0.0061,0.0032
0cd4967e1369dd65,negative,0.9873,0.9873,0.0086,0.0041
2d31b531bbe490f5,negative,0.9883,0.9883,0.0077,0.004
6c41bda2256f2420,negative,0.9936,0.9936,0.0033,0.0031
adfaa6c2f892ea2b,positive,0.989,0.0039,0.007,0.989
f4ec10b88c5d1dd0,positive,0.9926,0.0032,0.0042,0.9926
8658692eec8deb12,positive,0.9926,0.0034,0.004,0.9926
4632a128bc7063b4,positive,0.9651,0.0023,0.0326,0.9651
9a828cc50db2070e,positive,0.9921,0.0047,0.0032,0.9921
db77f7d242b2e9fd,negative,0.9942,0.9942,0.0037,0.0021
c8da26ed8669e0ea,positive,0.9927,0.0038,0.0035,0.9927
7d0190a92b87585f,positive,0.9907,0.0044,0.005,0.9907
07100e56498c7362,positive,0.9761,0.0029,0.021,0.9761
e2c09fb183e79b4c,positive,0.9916,0.0031,0.0054,0.9916
249ea73b4345124c,positive,0.9918,0.0053,0.0029,0.9918
de913f983c1c8780,positive,0.9928,0.0038,0.0034,0.9928
46ea04f46164d8d8,negative,0.988,0.988,0.0081,0.0039
9e6a1c365f9bf6c0,negative,0.9891,0.9891,0.0083,0.0026
345a630257d76f44,positive,0.99,0.0045,0.0055,0.99
5688b22eb61f79e3,positive,0.9777,0.0026,0.0197,0.9777
bcf740431f73a3dc,negative,0.9871,0.9871,0.009,0.0039
56f4def753ef1a09,positive,0.9911,0.0058,0.0031,0.9911
91b7e8e7439447f3,positive,0.9909,0.0045,0.0046,0.9909
0db2242694b7a842,negative,0.9935,0.9935,0.0043,0.0022
0d4447047f6f08de,positive,0.9927,0.003,0.0043,0.9927
e7ec79c393b59ed3,positive,0.9926,0.0044,0.003,0.9926
9beecd3bd9bea6e1,positive,0.9915,0.0046,0.0039,0.9915
55e3dfa072b08567,positive,0.9797,0.0028,0.0175,0.9797
10fa856a7d8528d5,negative,0.9923,0.9923,0.0054,0.0023
db42466e8c775510,positive,0.9919,0.0033,0.0048,0.9919
3f5431831b7c2c61,negative,0.9942,0.9942,0.0039,0.0018
eda8294b28410dfb,positive,0.9927,0.0033,0.004,0.9927
2c082200c401cea2,negative,0.9902,0.9902,0.007,0.0028
b1702defe709e0f2,positive,0.9913,0.0039,0.0048,0.9913
8868f321085b0d10,positive,0.9927,0.0041,0.0032,0.9927
d2124a130c496c87,negative,0.9944,0.9944,0.0038,0.0018
468de41512ed76fb,negative,0.9885,0.9885,0.0084,0.0031
0fc0e4151e4bef21,positive,0.993,0.0037,0.0032,0.993
4763e5b742ebf860,negative,0.9909,0.9909,0.0065,0.0026
1c8986fda0ecaa27,positive,0.9908,0.0034,0.0058,0.9908
015f5379a415617e,negative,0.9924,0.9924,0.0051,0.0025
a02daa415a054a6f,negative,0.9939,0.9939,0.0031,0.003
56907be0a0976c7f,negative,0.9932,0.9932,0.0044,0.0024
c30cec31127b2f16,positive,0.9873,0.0069,0.0057,0.9873
7300d61886bbd695,positive,0.9926,0.0035,0.0039,0.9926
1af571c456abf1c7,positive,0.9905,0.0055,0.004,0.9905
31ee587487f69b33,positive,0.9924,0.0047,0.0029,0.9924
705e738f9af4d902,positive,0.9925,0.0045,0.003,0.9925
a0f12a31a10325ac,negative,0.9944,0.9944,0.0038,0.0018
8da3ac2e5c54b287,positive,0.9932,0.0037,0.0031,0.9932
782ef31849e70172,positive,0.9911,0.0044,0.0045,0.9911
af3760437d203d29,positive,0.9885,0.0069,0.0047,0.9885
094503420894a7f2,positive,0.9927,0.004,0.0033,0.9927
f7478884e0047292,negative,0.9936,0.9936,0.0042,0.0022
fbbc7396270d28ff,positive,0.9905,0.0042,0.0053,0.9905
0cb2d5d2c29e27c6,negative,0.9945,0.9945,0.0037,0.0018
b2b7d4076b7d737a,positive,0.9923,0.0043,0.0034,0.9923
aca11fe0bbf19526,negative,0.9894,0.9894,0.007,0.0036
fcc6c5b9ada778c7,negative,0.9872,0.9872,0.0063,0.0064
74406205ffaefbbb,negative,0.9938,0.9938,0.0032,0.003
19175fdd7a24cf23,negative,0.9939,0.9939,0.0042,0.0019
6aeee7a853e56a16,positive,0.9925,0.0044,0.0031,0.9925
48a2cc3ab4e8af62,negative,0.9939,0.9939,0.0039,0.0021
db2ae02be539756d,positive,0.9916,0.0054,0.003,0.9916
2b7e89e340bb5c90,negative,0.9901,0.9901,0.0073,0.0026
bb5c1889c36ba473,positive,0.9871,0.0036,0.0093,0.9871
81ad7ca3fca822de,negative,0.9936,0.9936,0.0034,0.003
3fb693af9cae37a8,negative,0.9935,0.9935,0.0043,0.0022
b7693318480824f0,negative,0.991,0.991,0.0064,0.0026
8efaa8574fd008be,negative,0.9939,0.9939,0.0039,0.0022
abf6b3feccb2c637,positive,0.9926,0.0033,0.0042,0.9926
63e187868c967d6e,positive,0.991,0.004,0.0051,0.991
760bed18fbe9987b,negative,0.9927,0.9927,0.0044,0.0028
6c9b6d9f18a9ec07,positive,0.9925,0.0045,0.003,0.9925
ddfef1a9725bacea,positive,0.9893,0.0042,0.0065,0.9893
ea425d4f12e4cbbd,positive,0.9904,0.0052,0.0044,0.9904
9c41e01e57b3b46f,positive,0.988,0.0033,0.0088,0.988
736a8523cbc0492d,positive,0.9799,0.0034,0.0167,0.9799
e035d6f8a4f197c4,negative,0.9927,0.9927,0.0042,0.0031
ee49c96fae5f2caf,positive,0.9903,0.0038,0.0059,0.9903
285f1f08209ce8d8,negative,0.9931,0.9931,0.0044,0.0024
5151b531e84b578f,negative,0.9935,0.9935,0.0034,0.0031
3071e9b038f10f49,positive,0.9913,0.0036,0.005,0.9913
e9184203bf4fbe9c,negative,0.9878,0.9878,0.0078,0.0044
58d9f4eae616e7b1,positive,0.993,0.0039,0.0031,0.993
5a79a7961a5f801a,negative,0.9935,0.9935,0.0034,0.0031
4d278fe5b0ca0686,negative,0.9861,0.9861,0.0088,0.005
cf16cac1ea924484,positive,0.9831,0.0092,0.0077,0.9831
d1c4838acaaefa8e,positive,0.9928,0.0041,0.0031,0.9928
3e2b0a98911911b4,positive,0.9911,0.0046,0.0043,0.9911
779e36d8636af576,neutral,0.9901,0.0037,0.9901,0.0062
377db3fecce2bf78,neutral,0.9895,0.0039,0.9895,0.0065
6601cfe1125525fd,neutral,0.9888,0.0046,0.9888,0.0066
8f3020b92d6d2f61,neutral,0.9796,0.0017,0.9796,0.0187
3fcb5c9041e34816,neutral,0.9757,0.002,0.9757,0.0223
4e1aad4fef0d45bd,neutral,0.9907,0.0032,0.9907,0.0061
98608804f0acd59a,neutral,0.9836,0.0068,0.9836,0.0096
37ed0e9994480c85,neutral,0.9901,0.0055,0.9901,0.0044
c478bf8f5437bbe0,neutral,0.9909,0.0047,0.9909,0.0044
a16da44fd7e0393d,neutral,0.9777,0.0115,0.9777,0.0108
11c2e3eebf26ca44,neutral,0.9722,0.0167,0.9722,0.0111
ad26b05a940e2d7e,neutral,0.9861,0.0046,0.9861,0.0093
90b64ce0d0225440,neutral,0.9809,0.0078,0.9809,0.0113
5dc1b1fd4784012c,neutral,0.9672,0.0216,0.9672,0.0111
d96157e415b63e26,neutral,0.9904,0.0027,0.9904,0.0069
c049382d0b41f60b,neutral,0.9882,0.0036,0.9882,0.0082
d90098b0127c9f61,neutral,0.9943,0.0016,0.9943,0.0041
f8e7a2f48cb52d2a,neutral,0.9941,0.0015,0.9941,0.0044
df5f1539491305d2,neutral,0.9853,0.0075,0.9853,0.0072
0f4a79a16edab1a3,neutral,0.9824,0.0098,0.9824,0.0078
3b925d871a357d1c,neutral,0.98,0.0126,0.98,0.0074
29a364886004a78d,neutral,0.9842,0.0091,0.9842,0.0067
68f456ca97ee7772,neutral,0.979,0.0067,0.979,0.0143
8e164d8a029949a6,neutral,0.9906,0.004,0.9906,0.0053
4731dfc423059a47,neutral,0.9756,0.01,0.9756,0.0144
1930ba771238da47,neutral,0.989,0.0052,0.989,0.0058
946c992585a915e8,neutral,0.9878,0.0046,0.9878,0.0076
182b883ce948446d,neutral,0.9859,0.006,0.9859,0.0081
c13cd95f54b34683,neutral,0.9694,0.0127,0.9694,0.0179
55e98e1475a16f87,neutral,0.9571,0.0216,0.9571,0.0213
832889f5c938e8b9,neutral,0.9933,0.0027,0.9933,0.004
9e2fea73d4be0f3b,neutral,0.9931,0.0028,0.9931,0.0041
c0ef44dca9fcefaf,neutral,0.9888,0.0042,0.9888,0.007
880a89db358383e7,neutral,0.9912,0.0028,0.9912,0.006
86d232fada06e1fd,neutral,0.9904,0.0031,0.9904,0.0065
ce9c5bb604594264,neutral,0.9905,0.0031,0.9905,0.0064
5e97ca4de34b1345,neutral,0.995,0.0018,0.995,0.0032
edcc3fe8de2e4c57,neutral,0.9947,0.0021,0.9947,0.0032
6080247cc2ce9c7e,neutral,0.9685,0.0162,0.9685,0.0153
0952ccc0cce5c49b,neutral,0.9516,0.0281,0.9516,0.0203
350aafcc3b70fe4c,neutral,0.9901,0.004,0.9901,0.0059
785a0b1e0099b463,neutral,0.9915,0.0037,0.9915,0.0049
89f400d15fef7b96,neutral,0.9906,0.0044,0.9906,0.005
318c6b28fe0f4727,neutral,0.9904,0.0033,0.9904,0.0063
7431eec1febacf9c,neutral,0.9848,0.0083,0.9848,0.007
f4096440a51ed1c6,neutral,0.9865,0.0066,0.9865,0.0068
6a4b6edb80204226,neutral,0.9718,0.0165,0.9718,0.0117
9668818ead6dcb30,neutral,0.9779,0.0121,0.9779,0.0099
5904f911c96f9a18,neutral,0.9852,0.0089,0.9852,0.0059
e710bc66a163ed1d,neutral,0.985,0.0081,0.985,0.0069
173953495b1af414,neutral,0.9833,0.0108,0.9833,0.0058
623c5626bcfb86cd,neutral,0.9772,0.011,0.9772,0.0118
4e070c21c6fc54fc,neutral,0.9885,0.0052,0.9885,0.0063
908333e8c187f33a,neutral,0.9824,0.0071,0.9824,0.0105
fadb16226a71e433,neutral,0.9945,0.002,0.9945,0.0035
acda6b26269d87d8,neutral,0.9946,0.0019,0.9946,0.0035
9630fec600ec7900,neutral,0.9798,0.0079,0.9798,0.0123
cdc57bb2a135fa3f,neutral,0.99,0.0033,0.99,0.0067
9becadf1b8e0016e,neutral,0.9718,0.0133,0.9718,0.0149
b4f2b97b30be0830,neutral,0.9891,0.004,0.9891,0.0069
4c600522a7f04e3c,neutral,0.9845,0.0075,0.9845,0.008
acf874f6cc31e246,neutral,0.9879,0.0054,0.9879,0.0067
76bbf0cbc1344e17,neutral,0.9736,0.0139,0.9736,0.0125
1751d3ac79c77d47,neutral,0.9688,0.0183,0.9688,0.0129
b897189bee719c71,neutral,0.992,0.003,0.992,0.005
e84dd7677c0bdb0b,neutral,0.9915,0.0036,0.9915,0.0049
d7c4fc47b33ba688,neutral,0.9859,0.0083,0.9859,0.0058
4ed51b04577c7f41,neutral,0.9812,0.0121,0.9812,0.0067
a3f5da156594a42d,neutral,0.9898,0.0041,0.9898,0.0061
a61c50cad532b9ff,neutral,0.9869,0.0063,0.9869,0.0067
406ad8d2ec5ebd41,neutral,0.9873,0.0056,0.9873,0.0071
a6fbc9db3f354e3b,neutral,0.9823,0.0093,0.9823,0.0085
424d302a8caa63c4,neutral,0.9878,0.0051,0.9878,0.0071
3f5859ef151e30d3,neutral,0.9902,0.0036,0.9902,0.0062
6606f2c5e151b8ef,neutral,0.9825,0.0068,0.9825,0.0107
949dacfff3492c6b,neutral,0.9904,0.0032,0.9904,0.0064
f65b3cf074c34a3c,neutral,0.9714,0.0143,0.9714,0.0143
b51237e82502ae2f,neutral,0.9892,0.0041,0.9892,0.0067
ca82fe62a54aedd4,neutral,0.9906,0.0035,0.9906,0.0059
38a62e858b31813a,neutral,0.9879,0.0052,0.9879,0.0069
439512c04ed26245,neutral,0.9914,0.004,0.9914,0.0046
7c8f7ff56d7a4d6d,neutral,0.992,0.0033,0.992,0.0047
88ea8d2df88e3aa6,neutral,0.9548,0.0233,0.9548,0.0219
ddddc75ecf9cd0ca,neutral,0.9087,0.056,0.9087,0.0353
459c0c87d8f4b315,neutral,0.9881,0.0037,0.9881,0.0082
89db44ae27167f1e,neutral,0.9906,0.0027,0.9906,0.0067
fb455f757c097435,neutral,0.9946,0.0021,0.9946,0.0033
05b1a64503b23799,neutral,0.9949,0.0018,0.9949,0.0033
72ce44d255e71b3c,neutral,0.9071,0.0604,0.9071,0.0325
ae62beb8ea1417de,neutral,0.9555,0.0241,0.9555,0.0205
ee7166d5e8e3a4d3,neutral,0.9889,0.0056,0.9889,0.0055
33770a77489d6a0e,neutral,0.9903,0.0045,0.9903,0.0053
46bcdbe882792125,neutral,0.9912,0.0039,0.9912,0.0049
7e8c8a8aa58d48a8,neutral,0.9897,0.0049,0.9897,0.0054
6a4ab56478da1d0b,neutral,0.9928,0.0033,0.9928,0.0039
5cb18447bdabc9b6,neutral,0.9926,0.0035,0.9926,0.0039
a87ede02e323d328,neutral,0.993,0.0031,0.993,0.0039
a8ef400b299e1508,neutral,0.9924,0.0037,0.9924,0.0039
f44ce2c301bbf5fe,neutral,0.9862,0.0045,0.9862,0.0092
93d729a041efe3e6,neutral,0.9847,0.0058,0.9847,0.0096
dba9fb8e05019d76,neutral,0.9866,0.0053,0.9866,0.0081
01cb7ad209df291a,neutral,0.9781,0.011,0.9781,0.0109
a34a0aef7b650784,neutral,0.9836,0.0096,0.9836,0.0068
0061e26a2b1ecf87,neutral,0.9769,0.0149,0.9769,0.0082
4c33598c368ace7d,neutral,0.9884,0.0062,0.9884,0.0054
67f421f5b8042499,neutral,0.9848,0.0093,0.9848,0.0059
de4a7102835738e2,neutral,0.9835,0.0073,0.9835,0.0092
ac5eb9b9b35efa7a,neutral,0.9743,0.0133,0.9743,0.0124
441e552cbacb4521,neutral,0.985,0.0072,0.985,0.0078
32898ce9c9a46020,neutral,0.989,0.0048,0.989,0.0063
ffebd5653a41ebb0,neutral,0.9719,0.0199,0.9719,0.0082
a97bfaf740400c5d,neutral,0.9825,0.0109,0.9825,0.0066
428da3ca940a3f78,neutral,0.8062,0.0022,0.8062,0.1916
6e5dcc411f63d65c,neutral,0.9859,0.006,0.9859,0.0081
3bc0af63bed06e33,neutral,0.9848,0.0073,0.9848,0.0079
25c31c98a069b130,neutral,0.8417,0.0021,0.8417,0.1562
d858991f36626fc9,neutral,0.9779,0.0118,0.9779,0.0103
5e124b1ac9ded9bd,neutral,0.9897,0.0041,0.9897,0.0063
1e044b92d7cd534a,neutral,0.9949,0.0018,0.9949,0.0033
3dc7b400bddc39ca,neutral,0.9947,0.002,0.9947,0.0033
6ee939edfebd2aff,neutral,0.9863,0.0042,0.9863,0.0095
ff73c73848721fec,neutral,0.9819,0.0076,0.9819,0.0104
54e85ea0485757b3,neutral,0.9826,0.0066,0.9826,0.0107
1cac8d952e44f227,neutral,0.9815,0.0091,0.9815,0.0094
aa1af24cdcc7684e,neutral,0.9906,0.0037,0.9906,0.0057
aab9020077c7cbcc,neutral,0.9888,0.0053,0.9888,0.0059
04c9f27b1f934b25,neutral,0.988,0.0057,0.988,0.0062
b1bab13e27ce7d94,neutral,0.9817,0.0106,0.9817,0.0077
3963e706b8d34540,neutral,0.9852,0.008,0.9852,0.0068
10edbf8d53a9f156,neutral,0.9871,0.0065,0.9871,0.0064
4bfc8755a3144948,neutral,0.991,0.0044,0.991,0.0046
d7fd5f885e6dae22,neutral,0.987,0.0051,0.987,0.0079
d5410b7ef7bdd807,neutral,0.9849,0.0067,0.9849,0.0085
9ade238f26a3b0f4,neutral,0.9897,0.0057,0.9897,0.0046
1d5996a2cab6779b,neutral,0.9838,0.0061,0.9838,0.0101
fb38c4f7ae44e350,neutral,0.9721,0.0118,0.9721,0.016
8aadd63101ace37b,neutral,0.9872,0.0062,0.9872,0.0066
a962b26da0eb7223,neutral,0.9805,0.0104,0.9805,0.009
62bbadb059d80709,neutral,0.9916,0.0036,0.9916,0.0049
62ea24475eacd405,neutral,0.9913,0.004,0.9913,0.0048
bb88c75fca95ccb1,neutral,0.9872,0.0046,0.9872,0.0083
c9758521a6d4758a,neutral,0.9825,0.0069,0.9825,0.0106
6b7f8f313327619c,neutral,0.9768,0.0147,0.9768,0.0085
622c5a58ab9e1258,neutral,0.9809,0.0071,0.9809,0.0119
397a446028a68ec9,neutral,0.9911,0.0026,0.9911,0.0063
1e773402421ca019,neutral,0.9773,0.0109,0.9773,0.0118
5626784d4773bd2b,neutral,0.9922,0.0021,0.9922,0.0056
02a9e08caefff59a,neutral,0.9859,0.0053,0.9859,0.0088
9753cb6d5cbce83d,neutral,0.9836,0.0092,0.9836,0.0072
41250a92a448d0f5,neutral,0.966,0.0155,0.966,0.0185
2a4095ad3d9da0d2,neutral,0.9794,0.0124,0.9794,0.0082
496027c88b675f74,neutral,0.9715,0.019,0.9715,0.0095
f926dba75fea7e0d,neutral,0.9932,0.002,0.9932,0.0048
f2e4debc3156e901,neutral,0.9926,0.0025,0.9926,0.0049
b93fe59c90fbacb6,neutral,0.9849,0.0092,0.9849,0.0059
69eac3aec53428f5,neutral,0.9886,0.0053,0.9886,0.006
a1a65fc1f5edf0ea,neutral,0.9877,0.0066,0.9877,0.0057
5422619542c2a340,neutral,0.986,0.0075,0.986,0.0065
308759bf6696459e,neutral,0.9855,0.0057,0.9855,0.0088
75a3e3a9cb3a381d,neutral,0.9817,0.0084,0.9817,0.0098
6855b82336851f69,neutral,0.9919,0.0029,0.9919,0.0053
7321711370f70f7b,neutral,0.9908,0.0038,0.9908,0.0054
5d5d8c6227789f55,neutral,0.9888,0.005,0.9888,0.0062
5193f435558258cc,neutral,0.9856,0.0069,0.9856,0.0076
cc979d2f028e2fd9,neutral,0.9949,0.0018,0.9949,0.0033
b34b41269c8f45f4,neutral,0.9947,0.002,0.9947,0.0032
ed6d407be5623abd,neutral,0.9925,0.0027,0.9925,0.0048
0e8893f88b39fd24,neutral,0.9925,0.0025,0.9925,0.005
9f8677cfa78cc090,neutral,0.9798,0.0123,0.9798,0.0079
396d841b10f807c7,neutral,0.9864,0.0068,0.9864,0.0067
896fed62b9a5b455,neutral,0.9724,0.0124,0.9724,0.0153
46e8d8aa8dade61b,neutral,0.9891,0.0048,0.9891,0.0061
58f87b1225faa210,neutral,0.9855,0.008,0.9855,0.0066
60b505d45e75e3ce,neutral,0.9866,0.0067,0.9866,0.0067
149ce4daf0b52811,neutral,0.9796,0.0118,0.9796,0.0086
10a05a9d66339bf4,neutral,0.9838,0.009,0.9838,0.0072
ee8b0eb7aa0646b4,neutral,0.9931,0.0027,0.9931,0.0042
66bbf847e37edfc3,neutral,0.9933,0.0024,0.9933,0.0043
6acaeab5fe0da4ca,neutral,0.9878,0.0055,0.9878,0.0067
32a9cce1065ee4fd,neutral,0.9542,0.024,0.9542,0.0218
88b68b606dfec696,neutral,0.9841,0.0083,0.9841,0.0076
1312b823a941f26f,neutral,0.9858,0.0073,0.9858,0.0069
b80b369a8b4662e4,neutral,0.985,0.0073,0.985,0.0077
5c2740f47ed3a9cd,neutral,0.9836,0.0077,0.9836,0.0087
fb3e09ab33369498,neutral,0.9922,0.0031,0.9922,0.0047
7180334b95e26bfe,neutral,0.9912,0.0039,0.9912,0.0049
add050f6c8f0adb1,neutral,0.9863,0.0053,0.9863,0.0084
96d9305999bf7eb7,neutral,0.9836,0.0079,0.9836,0.0085
5a0123dc4ece6600,neutral,0.9826,0.0097,0.9826,0.0077
98ffee5085a2351e,neutral,0.9791,0.0131,0.9791,0.0078
44d4cbd637afd659,neutral,0.9892,0.0063,0.9892,0.0045
08d07fb561fa4d5b,neutral,0.9857,0.0091,0.9857,0.0052
dc0df57f9fbb22b2,neutral,0.9926,0.0027,0.9926,0.0047
b5fb89f0772ad523,neutral,0.9917,0.0032,0.9917,0.005
0443504c39c3e03e,neutral,0.9914,0.0035,0.9914,0.0051
3b64355c86732436,neutral,0.9902,0.0045,0.9902,0.0053
835cd6cda0f8286d,neutral,0.992,0.0022,0.992,0.0057
b98626b5530979a4,neutral,0.9923,0.0018,0.9923,0.0059
1a31dab588da642f,neutral,0.9841,0.0088,0.9841,0.0071
cb510f5347c6bab4,neutral,0.9865,0.0067,0.9865,0.0068
c5528fda18d2fb42,neutral,0.9857,0.008,0.9857,0.0064
3db8663a20853e66,neutral,0.99,0.0034,0.99,0.0066
d1c0cb2ecd66b89c,neutral,0.9894,0.0037,0.9894,0.0069
b92892f4b07547a6,neutral,0.9878,0.006,0.9878,0.0062
4d50f576d39161be,neutral,0.989,0.0053,0.989,0.0057
3f2b490ac70e0276,neutral,0.9912,0.0038,0.9912,0.005
ae998ffe11ba6541,neutral,0.9802,0.0089,0.9802,0.0109
605f10e7ec538f05,neutral,0.9732,0.0133,0.9732,0.0134
9e98e889cec4177f,neutral,0.989,0.0039,0.989,0.0071
90f4da90d76d1499,neutral,0.9871,0.0054,0.9871,0.0074
30a8816668194c4d,neutral,0.9881,0.003,0.9881,0.0089
cd8e835c19498984,neutral,0.9833,0.005,0.9833,0.0117
f14c154a7ab5f334,neutral,0.9871,0.0037,0.9871,0.0092
410c3b38f2caaa1e,neutral,0.9885,0.0031,0.9885,0.0085
0c777dcbb0bcdc01,neutral,0.9861,0.0037,0.9861,0.0103
c70f980042b2fff7,neutral,0.9873,0.0038,0.9873,0.0089
0d6c6f709708e2b0,neutral,0.9897,0.0039,0.9897,0.0064
3b69f81fc87ac9ad,neutral,0.9755,0.0124,0.9755,0.0122
e45c9e4818fc13dc,neutral,0.9879,0.0055,0.9879,0.0066
60dba202e14ab0ec,neutral,0.9808,0.0082,0.9808,0.0109
dc9b192cbbaf7a2b,neutral,0.9844,0.0086,0.9844,0.007
ea72e00aaf1744f7,neutral,0.9885,0.0053,0.9885,0.0063
56118f685a8810d4,neutral,0.9946,0.0021,0.9946,0.0033
c722c11c7649645f,neutral,0.9949,0.0018,0.9949,0.0032
529f54fd8640ee47,neutral,0.99,0.0049,0.99,0.0051
0f8bc1ffd1b646d5,neutral,0.99,0.0045,0.99,0.0056
0d56a43607dc7061,neutral,0.9902,0.0042,0.9902,0.0055
84b82bdf275e21ee,neutral,0.9913,0.0031,0.9913,0.0056
90edd2c95301d412,neutral,0.975,0.013,0.975,0.012
3d9ffe7232dd89c1,neutral,0.985,0.0063,0.985,0.0087
b5b5538a2f9881ca,neutral,0.9878,0.0043,0.9878,0.0079
1b17eb940fd3c209,neutral,0.9903,0.0042,0.9903,0.0055
8c7818efb4465f68,neutral,0.9874,0.0064,0.9874,0.0062
1dda6968a5e46385,neutral,0.9906,0.0029,0.9906,0.0065
c74078e5d8aa2056,neutral,0.9878,0.0051,0.9878,0.0071
77bf80f06b6ae3ef,neutral,0.9889,0.0041,0.9889,0.0069
876c65d7467d0d8b,neutral,0.987,0.0061,0.987,0.0068
ad2f55e8095d05cb,neutral,0.9844,0.0084,0.9844,0.0072
759c0383860e23e4,neutral,0.9766,0.0146,0.9766,0.0088
0130e9478b6332ae,neutral,0.9648,0.0246,0.9648,0.0105
b8addc14d1daab76,neutral,0.98,0.0118,0.98,0.0083
aa88f7d6e26b5350,neutral,0.9773,0.0105,0.9773,0.0121
d38aa35cf2b163fc,neutral,0.9566,0.024,0.9566,0.0194
09af76176a3c6c58,neutral,0.9838,0.0083,0.9838,0.0078
8d006a75e074d469,neutral,0.9934,0.002,0.9934,0.0046
00af798cced5e849,neutral,0.9939,0.0018,0.9939,0.0044
6373a822b9d276a0,neutral,0.994,0.0017,0.994,0.0043
209ee09cb76e9a98,neutral,0.9939,0.0019,0.9939,0.0042
7b71dd5c85fc62bb,neutral,0.9941,0.0015,0.9941,0.0044
79d041be0936093f,neutral,0.9939,0.0019,0.9939,0.0042
153d2b347cc57a7b,neutral,0.9941,0.0017,0.9941,0.0042
2f790c2ae5172b31,neutral,0.9935,0.0018,0.9935,0.0047
cb7125da192c3dcb,neutral,0.9896,0.0048,0.9896,0.0055
4cd04fd20db235e9,neutral,0.9912,0.0035,0.9912,0.0053
30448f46621f3b52,neutral,0.9864,0.0033,0.9864,0.0103
92bbe9702fc9c08a,neutral,0.9915,0.0025,0.9915,0.006
a8f1de1204162df6,neutral,0.9897,0.0024,0.9897,0.0079
b85a075a7db90178,neutral,0.9893,0.0034,0.9893,0.0073
ea516a2933c8ba75,neutral,0.9947,0.0021,0.9947,0.0032
bfa3b1a70e5870bb,neutral,0.995,0.0018,0.995,0.0032
52592b6f37dde11e,neutral,0.9912,0.0018,0.9912,0.0071
e580b6bf87884f58,neutral,0.9875,0.005,0.9875,0.0075
daad329bb14ffaeb,neutral,0.982,0.0085,0.982,0.0094
4d7e7cfdbbd24ee4,neutral,0.9541,0.0163,0.9541,0.0297
3bda50e2de83ae18,neutral,0.9069,0.0402,0.9069,0.0529
a84ef76702776724,neutral,0.9922,0.0015,0.9922,0.0063
55955b3c03abb9c5,neutral,0.988,0.0057,0.988,0.0063
2d322f926341a05c,neutral,0.985,0.0082,0.985,0.0068
0b7fade7486bcb45,neutral,0.9922,0.0023,0.9922,0.0055
5f7245dfaf57e5d5,neutral,0.9922,0.0026,0.9922,0.0053
3134e560a885f780,neutral,0.989,0.0036,0.989,0.0074
f59bdc740a1000a0,neutral,0.9903,0.0027,0.9903,0.007
5ce04639f3e33d7c,neutral,0.9724,0.0147,0.9724,0.0129
fe91fd13d03abb6f,neutral,0.9841,0.0069,0.9841,0.0089
d7933b009594225c,neutral,0.9896,0.0055,0.9896,0.0049
d374f2b87b29e9b2,neutral,0.9878,0.0072,0.9878,0.005
4437fd8e86eb65f6,neutral,0.9896,0.0053,0.9896,0.0051
fcc58e08fcc23e5d,neutral,0.9872,0.0072,0.9872,0.0055
fd288ff62ddb9080,neutral,0.9856,0.0082,0.9856,0.0061
a316570b1b6dcb7c,neutral,0.9842,0.0094,0.9842,0.0064
0bc75910c0ec3248,neutral,0.9913,0.0041,0.9913,0.0046
5a9b5dec6ccf0e41,neutral,0.99,0.005,0.99,0.005
5bf860872b8b28e1,neutral,0.9889,0.006,0.9889,0.0052
7b8b2e098107308a,neutral,0.9886,0.0061,0.9886,0.0053
e8ec4d7c91f46b71,neutral,0.9878,0.0068,0.9878,0.0054
db5b488f54413dbb,neutral,0.9845,0.0099,0.9845,0.0055
16abefc1b39e547a,neutral,0.9869,0.0068,0.9869,0.0063
de5a527c035e7dad,neutral,0.9829,0.0097,0.9829,0.0074
d23306926875d579,neutral,0.9852,0.0062,0.9852,0.0086
33782443212040af,neutral,0.9885,0.0039,0.9885,0.0076
c83cb924ba7d6714,neutral,0.9709,0.0168,0.9709,0.0124
c11004b8bddd963d,neutral,0.9837,0.0083,0.9837,0.008
c0d2f187c2c81be6,neutral,0.9884,0.005,0.9884,0.0066
eab49db10a789018,neutral,0.9862,0.0071,0.9862,0.0067
b1a2f558b940ee9b,neutral,0.9927,0.0026,0.9927,0.0047
18f32dd0a914d97b,neutral,0.993,0.0021,0.993,0.0048
126a64984fd17959,neutral,0.9843,0.0087,0.9843,0.007
800bbfb20c4077c7,neutral,0.9733,0.0174,0.9733,0.0093
937568b66a867850,neutral,0.982,0.0106,0.982,0.0075
92d95ce76acfd3bf,neutral,0.9848,0.0079,0.9848,0.0073
b1a7477558d610c6,neutral,0.9785,0.0112,0.9785,0.0103
ba522e98351a9d0c,neutral,0.9869,0.0055,0.9869,0.0076
f94279a4e7f29bd4,negative,0.9355,0.9355,0.0573,0.0072
c12cbcb73d8ed507,neutral,0.9949,0.0018,0.9949,0.0033
6a175768fe45f9a8,neutral,0.9947,0.002,0.9947,0.0033
6916543b330b8789,negative,0.8102,0.8102,0.1713,0.0185
248cabe6762940dc,neutral,0.9801,0.0126,0.9801,0.0074
2e80dbc40bbd750d,neutral,0.9933,0.0015,0.9933,0.0052
15d3acecb722f3fe,neutral,0.9932,0.0014,0.9932,0.0054
b651b7eae068234d,neutral,0.9625,0.0164,0.9625,0.0211
5f9d50662e14eead,negative,0.9762,0.9762,0.0158,0.0081
b36614810ce41cd2,positive,0.9899,0.006,0.0042,0.9899
c37c665dbcf54df1,neutral,0.9771,0.0123,0.9771,0.0105
495336bb828502f6,neutral,0.9838,0.0074,0.9838,0.0088
a24ef94afd03e9c8,neutral,0.8907,0.003,0.8907,0.1062
3735c84ae36b8176,negative,0.9784,0.9784,0.0158,0.0059
fdc0a91a71382c19,positive,0.9241,0.0038,0.0722,0.9241
0949b845cd1e5139,neutral,0.9902,0.0064,0.9902,0.0034
cc36d19ff7517f20,neutral,0.9933,0.002,0.9933,0.0047
e2da300bd7494a7c,neutral,0.9896,0.0044,0.9896,0.006
a8493456b4e112ce,neutral,0.993,0.0023,0.993,0.0048
4ed8f1b34670fad5,neutral,0.985,0.0072,0.985,0.0078
dbf9268eeb88d5ad,neutral,0.9884,0.0047,0.9884,0.0069
31baa543108a0fda,neutral,0.9904,0.0033,0.9904,0.0064
720e575728e62b57,neutral,0.9873,0.0051,0.9873,0.0075
5c781609677cfc6a,neutral,0.9859,0.0066,0.9859,0.0075
848ab10b2d447b52,neutral,0.9889,0.0045,0.9889,0.0066
45d95bbed22122c6,neutral,0.9867,0.0061,0.9867,0.0072
51ca57c5f06ff7bd,neutral,0.9867,0.0059,0.9867,0.0074
259bd9a42805388e,neutral,0.9872,0.005,0.9872,0.0078
79b38fbaceabfc42,neutral,0.9851,0.0013,0.9851,0.0137
b3a587582d1dbc3a,neutral,0.8983,0.0043,0.8983,0.0974
e44289d07dff5817,positive,0.8978,0.0048,0.0973,0.8978
352e15664c11b723,positive,0.9913,0.0042,0.0045,0.9913
19297825258ed368,positive,0.9786,0.0033,0.0182,0.9786
5566e97b1ca55c94,neutral,0.877,0.0179,0.877,0.1051
2cdfb83bbb31d118,positive,0.7339,0.0269,0.2392,0.7339
77610ed53785b1da,neutral,0.9492,0.0044,0.9492,0.0464
ef12579607c52924,neutral,0.7302,0.0081,0.7302,0.2617
7df3888415ac04a6,uncertain,0.5876,0.0299,0.5876,0.3826
92dca33251f3894d,neutral,0.9941,0.0007,0.9941,0.0051
4999ae6651e98207,negative,0.9779,0.9779,0.0096,0.0125
b9e6581e8dca9a47,neutral,0.9937,0.0016,0.9937,0.0047
9e63fe99c3f84705,positive,0.9851,0.0035,0.0114,0.9851
a98a3307145ec8cc,positive,0.9903,0.0046,0.0051,0.9903
b52d02c663ea26e9,negative,0.9931,0.9931,0.0048,0.0021
8488c5e5fda55384,neutral,0.9916,0.0034,0.9916,0.005
c361d2404d297124,positive,0.9437,0.0022,0.0541,0.9437
e4029d63dbf4abad,positive,0.9857,0.0031,0.0112,0.9857
e0579b9539235e18,positive,0.7543,0.006,0.2397,0.7543
e1ccaf8b705ee9f1,neutral,0.8359,0.0028,0.8359,0.1613
36a3e2cb867c72ba,neutral,0.9836,0.0015,0.9836,0.0149
c28c4150feca32d1,neutral,0.898,0.0052,0.898,0.0968
bdc859953928e3a5,neutral,0.9228,0.0028,0.9228,0.0745
c6d77fb4c63942ab,neutral,0.995,0.0008,0.995,0.0042
7b8da07c0c68109f,negative,0.979,0.979,0.0139,0.0071
26df51f842754ed3,positive,0.9584,0.0086,0.0329,0.9584
a52bfa301236e0da,uncertain,0.6938,0.0149,0.2913,0.6938
39793a21d6421b36,positive,0.9689,0.0054,0.0257,0.9689
3e17ce012bce9af6,neutral,0.8922,0.0021,0.8922,0.1057
71bcdcac5edd5716,neutral,0.8376,0.1547,0.8376,0.0078
8116e856af0e0483,positive,0.9922,0.0036,0.0042,0.9922
720bca4ed02c221d,uncertain,0.5773,0.4026,0.0201,0.5773
7c3d30aa0c32f45e,positive,0.7081,0.0206,0.2713,0.7081
8011399ba5eff400,neutral,0.9948,0.0019,0.9948,0.0032
4efb18f29d0f67e5,neutral,0.9936,0.0012,0.9936,0.0052
203c035c6f6958e1,neutral,0.8778,0.0051,0.8778,0.1171
f7f2400f357c7698,uncertain,0.5201,0.0081,0.4718,0.5201
5c2c6c63eb804dac,neutral,0.8647,0.003,0.8647,0.1323
a01156cba1fefc3b,neutral,0.9244,0.0078,0.9244,0.0678
fab922d9d542d036,negative,0.9874,0.9874,0.0064,0.0063
7cb675d486d210ae,positive,0.9824,0.0049,0.0127,0.9824
47073da81216d2b2,negative,0.8501,0.8501,0.125,0.0248
c11b46a5732ec188,negative,0.9913,0.9913,0.0049,0.0038
4907b58b2f6fe394,positive,0.9761,0.003,0.021,0.9761
7ea2e6840b66f968,positive,0.9929,0.0037,0.0034,0.9929
d72e16c3d1f6dbeb,neutral,0.9939,0.0016,0.9939,0.0045
b41775734f0eca0f,positive,0.9933,0.0032,0.0035,0.9933
e8e9b88ad02112e6,positive,0.9667,0.0024,0.0308,0.9667
79f80ad103c6c0b1,positive,0.9934,0.0027,0.0039,0.9934
5d4e47301d534e3c,positive,0.8744,0.0029,0.1227,0.8744
0cc54287d938ea68,neutral,0.8314,0.0071,0.8314,0.1614
656067c2c528fda3,uncertain,0.6228,0.6228,0.3542,0.0229
62f23045bf8f294b,negative,0.9905,0.9905,0.0056,0.0039
26188061df6d1d6b,neutral,0.995,0.0016,0.995,0.0033
25e01a275dd9d969,uncertain,0.5517,0.004,0.4442,0.5517
fc059a8a0f90999b,uncertain,0.5494,0.0097,0.5494,0.4409
4b0a3a4bddbcc321,positive,0.9905,0.0057,0.0038,0.9905
d56cf83ad4ab6c58,neutral,0.7552,0.2358,0.7552,0.009
5052a9e2a70a013e,negative,0.9861,0.9861,0.0104,0.0035
d426da0b380ef4f2,uncertain,0.591,0.3006,0.1084,0.591
88abd34390e86687,positive,0.8832,0.0069,0.1099,0.8832
f5241e73a5a6ccc1,positive,0.9819,0.0053,0.0128,0.9819
15ecb2b0539d5fc3,positive,0.9914,0.003,0.0056,0.9914
e82aa28224e640a8,uncertain,0.5722,0.0299,0.3979,0.5722
0123338c6a2bef49,negative,0.9941,0.9941,0.0036,0.0024
8f9f502bf5279a96,positive,0.992,0.0038,0.0042,0.992
019f9a8cf77a2d83,neutral,0.9916,0.003,0.9916,0.0054
f2ac0b09362ed0cb,neutral,0.9844,0.0015,0.9844,0.0141
ef59a7f8c44df709,uncertain,0.6966,0.0051,0.2983,0.6966
4e790affde6c7281,positive,0.9878,0.0038,0.0084,0.9878
3432610cca90eb94,neutral,0.7509,0.0035,0.7509,0.2456
847031e627eefb46,neutral,0.812,0.0016,0.812,0.1864
dcb4ace6332dfdd0,negative,0.9662,0.9662,0.0283,0.0055
abd0b84733fef89b,negative,0.9667,0.9667,0.0278,0.0055
4a6fe9829e8d46b5,positive,0.9932,0.0034,0.0034,0.9932
031653aba2adc55e,positive,0.9859,0.0031,0.011,0.9859
e04236463e176e3d,neutral,0.9923,0.0019,0.9923,0.0057
99131d1b711a9ee5,neutral,0.9708,0.0017,0.9708,0.0276
3a794680fadc2e7e,negative,0.9898,0.9898,0.0065,0.0038
7ab61211967ff83a,neutral,0.7863,0.0112,0.7863,0.2025
0b24c2382ddcd427,negative,0.987,0.987,0.0069,0.0061
3fb7d093d7b42ad8,neutral,0.9936,0.0012,0.9936,0.0051
63f2b83445958b69,positive,0.9929,0.003,0.0041,0.9929
ae1ba02157988cde,neutral,0.9911,0.001,0.9911,0.0078
a9c55509b825fdfd,negative,0.9936,0.9936,0.004,0.0024
65163b62670dcbde,positive,0.9924,0.0031,0.0045,0.9924
939476dfb7d1b0c8,uncertain,0.542,0.0038,0.4542,0.542
f6ed23c2f49826cf,negative,0.8448,0.8448,0.1377,0.0175
c263d882beaf1572,negative,0.8988,0.8988,0.0883,0.0129
8be779ee2f4fd179,positive,0.9853,0.0036,0.0111,0.9853
2709ffd5656193c8,positive,0.9902,0.0038,0.006,0.9902
bb0a49c55a2701d9,uncertain,0.618,0.0062,0.618,0.3759
f1e4bdbcd84347ef,positive,0.9874,0.0047,0.008,0.9874
01603d9ac9736ba6,positive,0.9924,0.0036,0.004,0.9924
91cfb2c2da2d6c3a,positive,0.9472,0.0038,0.0491,0.9472
1145ef77f1f17089,neutral,0.9928,0.0011,0.9928,0.0061
d60e7e3fd0ebdc96,positive,0.9929,0.0036,0.0035,0.9929
21c791a0077c6cf8,neutral,0.9947,0.0015,0.9947,0.0037
424ecc8c902e6a79,neutral,0.9647,0.0292,0.9647,0.0061
3e8266ba3e6b10f1,negative,0.993,0.993,0.0032,0.0038
1bc7c04ca73eb348,neutral,0.9757,0.0112,0.9757,0.0131
52a51e73eb57482d,uncertain,0.5501,0.0089,0.5501,0.441
442dcdf2b440d5d5,neutral,0.9202,0.0101,0.9202,0.0698
196eb0d0fd857ad6,uncertain,0.6916,0.2182,0.6916,0.0902
d2d5517bd7806620,neutral,0.9543,0.002,0.9543,0.0437
2a6367e1e4fdd68d,neutral,0.9814,0.0008,0.9814,0.0178
dc483873ef55983c,neutral,0.9478,0.0265,0.9478,0.0257
178ed61bf35807ef,uncertain,0.553,0.0035,0.4434,0.553
e310170e52a478d9,positive,0.8888,0.0196,0.0916,0.8888
7ef4d6cd2e97cb84,positive,0.8836,0.0373,0.0792,0.8836
8c1abc61f17fef4b,neutral,0.9169,0.003,0.9169,0.0802
2b2054c3c7fab6a2,positive,0.9835,0.0036,0.0129,0.9835
990f51f00268ae68,neutral,0.9513,0.0156,0.9513,0.0331
47feea881c06332d,neutral,0.7824,0.003,0.7824,0.2146
495ee77c7782b2ff,positive,0.9928,0.0035,0.0037,0.9928
826cb176ed785955,neutral,0.987,0.0015,0.987,0.0114
04176bc9c8fa9026,negative,0.9928,0.9928,0.0034,0.0039
66a76bb3dec8c189,negative,0.9894,0.9894,0.0068,0.0038
ee0a6dd9ea59e7c7,negative,0.9829,0.9829,0.0137,0.0035
8e5bf5977e5af656,neutral,0.8492,0.0142,0.8492,0.1366
17e87e2e6439b8f8,negative,0.9378,0.9378,0.0513,0.0109
71f8e9362df47637,positive,0.9591,0.002,0.0389,0.9591
32ec14aa3291196f,negative,0.9903,0.9903,0.0064,0.0033
6efbd0cdfb5621fc,neutral,0.9948,0.0016,0.9948,0.0036
bdc44d89e4ebcbaf,positive,0.9912,0.0034,0.0054,0.9912
665508043a76a507,uncertain,0.3576,0.3576,0.3491,0.2932
c56c8d7546a9128d,positive,0.9931,0.0034,0.0035,0.9931
1c9f98f27565bae7,positive,0.8882,0.0036,0.1082,0.8882
7a0d7faa69eca7a6,neutral,0.9813,0.002,0.9813,0.0166
6a4c46d60ba6e5f4,neutral,0.9561,0.0147,0.9561,0.0292
da1aaefe16938954,neutral,0.9534,0.0156,0.9534,0.031
2a4449ec65c7c310,positive,0.9777,0.0031,0.0192,0.9777
1eda1a670c2619a4,neutral,0.9914,0.0011,0.9914,0.0075
4edf0a5a5aca2fb5,uncertain,0.5258,0.0044,0.4698,0.5258
b37dea398a4f7c79,positive,0.7669,0.0035,0.2296,0.7669
626a6bf30bca99c8,neutral,0.9122,0.0608,0.9122,0.0271
72611ba475ad96b3,neutral,0.9841,0.002,0.9841,0.0139
df5bd3c31ef4b7b3,positive,0.9925,0.0034,0.0041,0.9925
80eafd04828749b8,neutral,0.738,0.0437,0.738,0.2183
4995810b428da528,neutral,0.9202,0.0047,0.9202,0.0751
24bd7d3711daaaf3,positive,0.9918,0.0041,0.0041,0.9918
58b0cff64635b788,neutral,0.9954,0.0008,0.9954,0.0038
9e4c1150d38e155d,uncertain,0.5634,0.5634,0.274,0.1626
cf626a36222db6dd,negative,0.8386,0.8386,0.0868,0.0746
eae0d40100801b2c,neutral,0.9683,0.0066,0.9683,0.0252
f28820577126baa5,positive,0.9916,0.0036,0.0048,0.9916
a63de05aedfcf16d,positive,0.9855,0.0039,0.0106,0.9855
43077c682da7ec5a,uncertain,0.5791,0.0072,0.5791,0.4137
d1e933f973f9986f,positive,0.9897,0.0025,0.0078,0.9897
7e3f22edbc219f95,positive,0.993,0.0038,0.0032,0.993
0261db2a5c2994d3,negative,0.9941,0.9941,0.004,0.002
8d6094df903c62a8,neutral,0.9485,0.0337,0.9485,0.0177
ff45785f80f77cdb,positive,0.7394,0.01,0.2506,0.7394
b7e13293fdf524d2,neutral,0.9356,0.0197,0.9356,0.0447
9b1dc3a9f2f2eceb,neutral,0.9864,0.0036,0.9864,0.01
8e6a150d21d4e0c9,neutral,0.9641,0.0032,0.9641,0.0327
a00ee0975637dec7,uncertain,0.5457,0.3403,0.5457,0.114
955175885ce01a64,neutral,0.978,0.0011,0.978,0.0208
5e4d4b26523d68be,neutral,0.7045,0.0148,0.7045,0.2807
8d2c6b722cb7bb28,neutral,0.9248,0.0055,0.9248,0.0697
ff46d1d40082d38f,neutral,0.9083,0.0063,0.9083,0.0854
99f7b0b4e272b833,positive,0.9719,0.003,0.0251,0.9719
1b3e26a3d8ee5ee6,neutral,0.9927,0.0011,0.9927,0.0063
f59ac5fad0abb5d0,positive,0.9912,0.0031,0.0058,0.9912
01b7424f1db4a391,negative,0.7057,0.7057,0.2846,0.0097
98c9918a44fed0c3,positive,0.9566,0.0035,0.0399,0.9566
5b5e1d22d54de35f,neutral,0.9334,0.0216,0.9334,0.045
9d987f2fba991f06,uncertain,0.522,0.007,0.4711,0.522
51e3ab8d4e3e314f,positive,0.9395,0.002,0.0585,0.9395
075d31e2101964b7,neutral,0.9476,0.0014,0.9476,0.051
554ab4b2ba504d84,neutral,0.951,0.0027,0.951,0.0463
fa41cb8f765a806c,negative,0.9339,0.9339,0.0614,0.0047
7208b058d66bd41a,positive,0.9929,0.0037,0.0034,0.9929
ba50d3973cbd7c46,positive,0.961,0.0021,0.037,0.961
e074fbcccac7c58f,uncertain,0.6803,0.2773,0.6803,0.0424
919ecd9670b4d89f,neutral,0.8644,0.0042,0.8644,0.1314
1a88c547ef47519e,neutral,0.9947,0.0014,0.9947,0.004
9f50b53be8c04ed0,neutral,0.987,0.0009,0.987,0.0121
b9bc32df723f7adc,neutral,0.9938,0.0021,0.9938,0.0041
45b8f1099c7ac6d3,neutral,0.9914,0.0012,0.9914,0.0074
ae17ce854b46696e,positive,0.9825,0.0023,0.0152,0.9825
b3b5701882096e2d,positive,0.9881,0.0035,0.0084,0.9881
e432b0c27d9e5e7a,neutral,0.9791,0.0115,0.9791,0.0094
4e8de41fe5d9ba04,neutral,0.9872,0.0035,0.9872,0.0093
cbe7920492fb8494,neutral,0.9946,0.0015,0.9946,0.0039
6eeb1f4ad22b23f6,uncertain,0.5564,0.5564,0.4227,0.0209
f3e3f5eef14761a1,negative,0.9523,0.9523,0.0281,0.0196
5f81c250b24cea2f,neutral,0.9939,0.0013,0.9939,0.0048
b93dfa4fd5b326f9,positive,0.9927,0.0037,0.0036,0.9927
4a6bfe407a2049dd,neutral,0.9932,0.0013,0.9932,0.0056
5141e532ff657954,neutral,0.9936,0.0015,0.9936,0.0048
2907b3c9b5d1b5ba,uncertain,0.6685,0.0024,0.6685,0.3291
9ec33a3ce747c2ba,positive,0.9771,0.0036,0.0192,0.9771
5314d711bd6314ae,neutral,0.9926,0.0014,0.9926,0.006
1590740e3596505b,neutral,0.9904,0.0014,0.9904,0.0082
683eb8c60999dc9d,neutral,0.9894,0.0012,0.9894,0.0093
d976df3d4b7102c0,neutral,0.7459,0.0097,0.7459,0.2444
a08f27d7267f675e,neutral,0.994,0.0014,0.994,0.0046
fe95c00ad679925a,neutral,0.9937,0.0013,0.9937,0.0051
497e9740f6bac00e,positive,0.9908,0.0051,0.0041,0.9908
937d68f53fe351fb,neutral,0.9815,0.0027,0.9815,0.0157
1e1849b462cf4231,neutral,0.9941,0.0013,0.9941,0.0046
445a6f910d50cf24,uncertain,0.6752,0.0036,0.6752,0.3212
b0e1e0b713958f63,positive,0.9923,0.0034,0.0043,0.9923
3d18a9834686b383,positive,0.9834,0.0043,0.0123,0.9834
d6c32572bacf1719,positive,0.9887,0.007,0.0042,0.9887
cb61512ebc6cffa0,neutral,0.9542,0.0106,0.9542,0.0352
16090d54f78ecbdb,neutral,0.9857,0.0022,0.9857,0.0121
8bdcba4cfa7f73ab,positive,0.9206,0.0074,0.072,0.9206
4bee9faedce020b2,uncertain,0.6332,0.0106,0.3562,0.6332
2115bd91e917a5ed,neutral,0.986,0.0058,0.986,0.0082
ff31babda2365f51,neutral,0.9226,0.0178,0.9226,0.0597
9d9db6b46e16feeb,neutral,0.9786,0.0012,0.9786,0.0202
dacd92de6ef273e5,uncertain,0.5278,0.0066,0.5278,0.4655
c3f5cbaa81a5ded2,neutral,0.994,0.0015,0.994,0.0045
735ca3f238ce1845,positive,0.8791,0.0039,0.117,0.8791
35390f7924394da0,neutral,0.9817,0.0014,0.9817,0.0169
102432f80b15e565,neutral,0.9869,0.0019,0.9869,0.0113
93028d346a3216d3,positive,0.9928,0.0032,0.004,0.9928
d56a274f1c0eb06f,neutral,0.9297,0.0424,0.9297,0.0279
5acac661e2cabd21,neutral,0.9929,0.001,0.9929,0.0061
edf0ce12b340f0bd,neutral,0.9953,0.0017,0.9953,0.003
48fab29ea6c59962,uncertain,0.604,0.0046,0.604,0.3914
929be6f268b25604,positive,0.9144,0.0243,0.0613,0.9144
6eebcfb25039aa6b,neutral,0.8964,0.0158,0.8964,0.0878
42aa9e9a66bd33a1,neutral,0.9747,0.0172,0.9747,0.0081
2ec6a778f8e7517b,uncertain,0.6686,0.0092,0.3221,0.6686
158eedc2a6819b4d,neutral,0.9859,0.0039,0.9859,0.0102
3776d16cc8a5ddbb,uncertain,0.5097,0.0201,0.5097,0.4702
0d106b4f3d2a3a25,positive,0.7176,0.0029,0.2795,0.7176
b14aedb6a014ec33,negative,0.9954,0.9954,0.0027,0.0019
2aa21153ee10ad72,negative,0.986,0.986,0.0114,0.0026
d723f94fc1e4cece,positive,0.9932,0.0034,0.0034,0.9932
8cfd79114787651f,uncertain,0.6709,0.0313,0.6709,0.2978
e4f612719ae98147,positive,0.987,0.0072,0.0058,0.987
14df9a5596f0fd0d,positive,0.9842,0.0039,0.0119,0.9842
55781ebf857cb359,neutral,0.8027,0.1867,0.8027,0.0105
66976b60b3709e13,negative,0.9902,0.9902,0.0045,0.0054
249bf43a18425f6d,positive,0.9866,0.0043,0.009,0.9866
af9487ebced091b9,positive,0.9789,0.0036,0.0174,0.9789
414f403982570f9a,positive,0.95,0.0054,0.0446,0.95
77ae60eccfb1e2a5,negative,0.9938,0.9938,0.003,0.0032
90afcf8ef6b05a93,neutral,0.9935,0.0013,0.9935,0.0052
17edfb939d4be9b2,uncertain,0.6323,0.2065,0.6323,0.1612
89df8dad292677e0,positive,0.9919,0.0031,0.0049,0.9919
4303b869d5bb330f,neutral,0.7976,0.0018,0.7976,0.2006
ccf66e54a856e06b,uncertain,0.6032,0.3791,0.0177,0.6032
098ed43b30d52132,positive,0.9926,0.004,0.0034,0.9926
02eb10e26c51d5fc,neutral,0.956,0.0377,0.956,0.0063
11958f0fc030103a,positive,0.9869,0.0073,0.0058,0.9869
7381c697a08d6c52,uncertain,0.539,0.003,0.458,0.539
427a3ba34096cd7b,neutral,0.801,0.0123,0.801,0.1867
402aa23352c5b63b,negative,0.9879,0.9879,0.0052,0.0069
5a21c3bfe139b452,neutral,0.9847,0.0069,0.9847,0.0085
e44f559cb1656983,positive,0.9561,0.0052,0.0387,0.9561
841cd349ab383c05,uncertain,0.682,0.0113,0.682,0.3066
de62cce5f3284e58,positive,0.8432,0.11,0.0468,0.8432
f758d9ca13d43409,positive,0.9898,0.0057,0.0045,0.9898
4ac94f925f4c0227,positive,0.8986,0.0168,0.0846,0.8986
593535429a15c129,positive,0.762,0.1056,0.1324,0.762
0c643bade2a3ebef,neutral,0.8138,0.0184,0.8138,0.1678
8eb1d93aa58652c5,neutral,0.9853,0.0062,0.9853,0.0086
4fea6b3b1d733570,positive,0.9896,0.003,0.0073,0.9896
6518453814d5809b,neutral,0.9838,0.0011,0.9838,0.0151
2db352d7d7440514,positive,0.9834,0.0033,0.0132,0.9834
8e530c2064d37ac7,positive,0.961,0.0049,0.0341,0.961
042213ac10bddbb6,positive,0.9478,0.0061,0.0461,0.9478
9acbf36a7fc96911,neutral,0.9483,0.0415,0.9483,0.0102
ba8586cdcbfbb137,neutral,0.9921,0.0015,0.9921,0.0064
589b947960875e11,neutral,0.9908,0.0024,0.9908,0.0069
20056473fa7bf921,neutral,0.9893,0.0012,0.9893,0.0095
53a7117dd3fe729a,neutral,0.9933,0.0025,0.9933,0.0042
cd808b7cd6f3d090,positive,0.9747,0.0033,0.022,0.9747
6982dc300496a6a9,neutral,0.9211,0.0085,0.9211,0.0704
585345dae3ab43e1,positive,0.9903,0.0028,0.0069,0.9903
875b3c4b30df3b2e,neutral,0.9725,0.001,0.9725,0.0265
